# LAMMPS data file written by OVITO Basic 3.7.8
148 atoms
2 atom types

Atoms  # charge

1 1 0.0 0.0815423605 1.678855243 3.7634945942
2 1 0.0 1.8079300625 1.0502371305 9.5973889452
3 2 0.0 1.7651403269 0.6954772559 5.1724407918
4 2 0.0 0.0905555222 1.953429478 11.0909195988
5 2 0.0 1.580554317 0.8493151026 1.9965989119
6 2 0.0 0.1828688959 1.9970719484 8.101914243
7 1 0.0 -1.5406356007 4.4862234881 3.7702070641
8 1 0.0 0.0141628125 3.8816093479 9.4770535569
9 2 0.0 0.0387353726 3.5915556957 5.2405314012
10 2 0.0 -1.4491189389 4.7307975511 11.2534616282
11 2 0.0 0.0144349275 3.4964193756 2.1489927628
12 2 0.0 -1.7662998386 4.7932849304 7.9969233895
13 1 0.0 -3.1917654346 7.5117638706 3.5177864085
14 1 0.0 -1.5207789778 6.557378026 9.6316115374
15 2 0.0 -1.6506686412 6.4989403553 5.1074190893
16 2 0.0 -3.079206819 7.4509053731 11.2690017906
17 2 0.0 -1.7138557901 6.4005341868 2.065533165
18 2 0.0 -3.3862128098 7.2586800294 8.1293510049
19 1 0.0 -4.8400860388 10.1256355451 3.5413350731
20 1 0.0 -3.0368920571 9.12983922 9.5486287818
21 2 0.0 -3.2389106143 9.3577874243 5.0890667811
22 2 0.0 -4.4504040973 10.1425779354 11.2449885105
23 2 0.0 -3.2889734728 9.2615396017 1.9168684641
24 2 0.0 -4.5107748763 10.163281778 8.1948373228
25 1 0.0 -6.2840013065 12.7223054678 3.5321405789
26 1 0.0 -4.6699478353 12.0698843757 9.7360399617
27 2 0.0 -4.7120830966 11.9328541593 5.0465422453
28 2 0.0 -6.262591734 12.9638090599 11.3532316718
29 2 0.0 -4.6804134907 11.9589711549 1.9928575352
30 2 0.0 -6.2343174812 12.9023905685 8.0693300314
31 1 0.0 3.2089445511 1.6102783071 3.4894570958
32 1 0.0 4.8067970628 0.9650622083 9.2873804336
33 2 0.0 4.6630333227 0.7047830855 5.2030320478
34 2 0.0 3.5380658635 1.9351232749 11.0471601643
35 2 0.0 4.9755112517 0.93523808 2.0085810985
36 2 0.0 3.1933154133 2.1646041117 7.9309357761
37 1 0.0 1.6156404771 4.5415388863 3.5832360461
38 1 0.0 3.0904368098 3.8586742564 9.6390087036
39 2 0.0 3.1044725738 3.388643892 5.1043135022
40 2 0.0 1.5425729609 4.6139486368 11.2799324792
41 2 0.0 3.2871027142 3.5380810932 2.0637847439
42 2 0.0 1.689350241 4.906988095 8.0607591
43 1 0.0 0.0427195921 7.3055482606 3.441589483
44 1 0.0 1.6861345988 6.628846888 9.9240747043
45 2 0.0 1.6522345816 6.3477672 5.1037021661
46 2 0.0 1.5900014595 6.3165163731 1.8664332398
47 2 0.0 0.2180959774 7.2970779575 8.0232842
48 1 0.0 -1.6323957231 10.203735505 3.4702611438
49 1 0.0 0.0982145755 9.0389748759 9.7187513781
50 2 0.0 -0.111238673 9.133982788 5.0743213555
51 2 0.0 -1.4934197421 10.0534325492 11.2243987123
52 2 0.0 -0.0970559662 9.1118445667 1.8697589079
53 2 0.0 -1.4440095728 9.9116788078 8.0108496248
54 1 0.0 -3.1513657585 12.8186459413 3.5485977454
55 1 0.0 -1.4678030792 11.8330623238 9.5735101591
56 2 0.0 -1.5320339109 12.0150121319 5.1336331792
57 2 0.0 -2.832124168 12.9759896342 11.0643020272
58 2 0.0 -1.5568556119 12.0884898305 1.9287406102
59 2 0.0 -3.1019552886 12.7344171319 7.9790112432
60 1 0.0 6.3031831839 1.7871370123 3.7793159712
61 1 0.0 7.9847679337 0.9251097022 9.7325797996
62 2 0.0 7.9308679296 0.8430139621 5.203239902
63 2 0.0 6.2382598315 1.9321257937 11.0347011356
64 2 0.0 7.9286994524 1.1276194373 2.1177657172
65 2 0.0 6.500986386 2.0017848272 8.0374182895
66 1 0.0 4.845023859 4.4633253639 3.6883369401
67 1 0.0 6.2456913221 3.8677712659 9.5699032764
68 2 0.0 6.4278581753 3.7257300374 5.2868462204
69 2 0.0 4.7309481123 4.8421804355 11.1540950664
70 2 0.0 6.3830556276 3.6371471122 2.1554362447
71 2 0.0 4.6673166531 4.6612538664 7.976871567
72 1 0.0 3.2106517332 7.2208449541 3.4605164472
73 1 0.0 4.772925472 6.5949879531 9.4566838396
74 2 0.0 4.7406655003 6.3992282765 5.1520710745
75 2 0.0 4.8749495216 6.2862168637 2.0057567259
76 2 0.0 3.0295316797 7.4791472072 8.016755131
77 1 0.0 1.5463505979 10.0499093858 3.4368088351
78 1 0.0 3.2235657439 9.2355437916 9.7433148607
79 2 0.0 3.1916659301 9.0956742658 5.0321758481
80 2 0.0 1.7986928774 8.5592657075 11.5662456055
81 2 0.0 3.186559517 9.0694501664 1.9264297599
82 2 0.0 1.6395575352 9.9531932398 8.0496450106
83 1 0.0 0.0917622918 12.8778977167 3.5025152339
84 1 0.0 1.6982730784 11.8182321417 9.5997487024
85 2 0.0 1.5634254923 11.8864339167 5.1104513162
86 2 0.0 -0.0275260798 12.6175181612 11.1633384675
87 2 0.0 1.6067198723 11.8899529874 1.873744819
88 2 0.0 0.084291593 12.8988652244 8.0469429052
89 1 0.0 9.5545711635 1.8963366223 3.7742296553
90 1 0.0 11.114712179 0.9356469222 9.6049206054
91 2 0.0 11.196645404 0.8467862456 5.200085408
92 2 0.0 9.532736576 1.8830635441 11.2234328013
93 2 0.0 11.0807383082 1.0310385643 2.1085589963
94 2 0.0 9.6331333886 1.857251392 8.1384232319
95 1 0.0 8.0670069447 4.5719605747 3.6997811509
96 1 0.0 9.387384293 3.7851901268 9.6242143712
97 2 0.0 9.67927685 3.7566712672 5.3220224968
98 2 0.0 7.8097579939 4.4869890594 11.2777438961
99 2 0.0 9.6119021816 3.6945731699 2.0466673345
100 2 0.0 7.8190246342 4.7497392023 8.0144565075
101 1 0.0 6.4189709248 7.3153329209 3.5935553987
102 1 0.0 8.0089160436 6.4471613402 9.7916104087
103 2 0.0 7.9901731885 6.5376052896 5.1692985245
104 2 0.0 6.2605616512 7.3820760696 11.2247043803
105 2 0.0 8.0978757573 6.3662666985 2.137193977
106 2 0.0 6.5080463247 7.3657383479 8.0810554569
107 1 0.0 4.745846391 10.0565671593 3.4883566909
108 1 0.0 6.1732092422 9.2592923931 9.6474573678
109 2 0.0 6.3504440639 9.2377988887 5.0561646748
110 2 0.0 4.7865283957 10.4268930602 11.28910252
111 2 0.0 6.295785986 9.0648356002 1.9546734855
112 2 0.0 4.7314105646 10.2084490834 8.0440084922
113 1 0.0 3.0972935554 12.8032022504 3.5600175029
114 1 0.0 4.7419241915 12.0481484528 9.6495725906
115 2 0.0 4.7505291953 11.9351022176 5.0062674263
116 2 0.0 3.0444106453 12.8312166425 11.2550266485
117 2 0.0 4.7939020214 12.0350473451 2.0682597238
118 2 0.0 3.1379136038 12.8105380773 8.0002001507
119 1 0.0 12.7563586925 1.6314654952 3.5952793663
120 1 0.0 14.3122052494 1.1435537468 9.6147875692
121 2 0.0 14.2596086067 0.8133653441 5.2330608746
122 2 0.0 12.6068301083 1.8581384923 11.1447538515
123 2 0.0 14.3684924733 0.9365344616 2.0631734079
124 2 0.0 12.7370616046 2.0456011127 8.1731471197
125 1 0.0 11.2366702052 4.5482063153 3.589288273
126 1 0.0 12.6469437931 3.8970952594 9.7644670881
127 2 0.0 12.6899882665 3.4522764578 5.167696824
128 2 0.0 10.9194132098 4.5468804964 11.3635510243
129 2 0.0 12.8166009245 3.5210690277 2.1268623977
130 2 0.0 10.9399452801 4.700746295 8.1448789407
131 1 0.0 9.6569407076 7.3510788313 3.6572932954
132 1 0.0 11.0488118847 6.4573794393 9.8566565646
133 2 0.0 11.2631957688 6.3865467795 5.1331196569
134 2 0.0 9.5403774136 7.4825688096 11.3770248709
135 2 0.0 11.1170409553 6.4309746366 1.9912069279
136 2 0.0 9.5496336621 7.5942101238 8.26245109
137 1 0.0 7.9716689541 10.0353589893 3.4116584699
138 1 0.0 9.6022314069 9.4266944498 9.8234854705
139 2 0.0 9.3678226302 9.2609215749 5.0662761731
140 2 0.0 7.7430717939 10.1431342616 11.1771546622
141 2 0.0 9.5971664357 8.9966060913 1.9846411787
142 2 0.0 7.8432457915 10.1695518323 8.2804855036
143 1 0.0 6.4493438431 12.8162351925 3.5717062482
144 1 0.0 7.9630815919 12.122031792 9.6865095148
145 2 0.0 7.9064731056 11.8951462374 5.0005575476
146 2 0.0 6.2524307462 13.0237134239 11.160465188
147 2 0.0 7.9247476473 11.7988143597 2.0437573749
148 2 0.0 6.3170442336 13.0715862523 8.0833051736
