73
Frame 0 cell_orig -6.3707767205 0.9195247144 1.7411825251 cell_vec1 20.7053374094 0.0 0.0 cell_vec2 0.0 11.9544207348 0.0 cell_vec3 0.0 0.0 9.7414336343 pbc 0 0 0
Mo 1.592666556 0.9195928584 9.9178704128
S -4.0236909308e-05 1.8391588492 11.4826146796
S -4.1803336041e-05 1.8391592277 8.3530837417
Mo -1.5505478997e-05 3.6782889668 9.9178535105
S -1.5927239486 4.5978548648 11.4826161594
S -1.5927230806 4.5978545784 8.3530856406
Mo -1.5926984798 6.436985107 9.917853381
S -3.1854081781 7.3565512221 11.4826140124
S -3.185406881 7.3565488528 8.3530836451
Mo -3.1853824429 9.195679945 9.9178689993
S -4.7780906748 10.1152458529 11.4826109862
S -4.7780924877 10.1152442405 8.3530810942
Mo -4.778066826 11.9543755105 9.9178800042
S -6.3707729698 12.8739411349 11.4826122033
S -6.3707767205 12.8739405538 8.3530815071
Mo 4.7781070984 0.9195933578 9.9178814774
S 3.1854016799 1.8391572498 11.4826097137
S 3.1853968917 1.839158223 8.3530784303
Mo 3.1854256492 3.6782876942 9.9178678846
S 1.5927196079 4.5978529996 11.4826142159
S 1.5927168405 4.597854433 8.3530834032
Mo 1.5927433211 6.4369842031 9.917862285
S 3.5509301429e-05 7.3565484404 8.3530841347
Mo 6.0458897883e-05 9.1956800048 9.9178715063
S -1.5926489767 10.1152472062 11.4826090739
S -1.5926481856 10.1152425519 8.3530795288
Mo -1.5926251142 11.954375902 9.9178833417
S -3.185332158 12.8739419973 11.4826063311
S -3.1853354683 12.8739399245 8.3530762118
Mo 7.9635483802 0.919594705 9.9178818648
S 6.3708405942 1.8391594354 11.4826039432
S 6.3708395351 1.8391591157 8.3530735351
Mo 6.370865278 3.6782890771 9.9178739145
S 4.7781597407 4.5978521426 11.4826087489
S 4.7781555829 4.5978560717 8.3530779976
Mo 4.7781825858 6.4369847328 9.9178726093
S 3.1854752158 7.3565519826 8.3530831305
Mo 3.1855013556 9.1956823761 9.917877644
H 1.5927919419 10.1152491159 11.4826111801
S 1.5927943054 10.1152456114 8.3530809456
Mo 1.5928166223 11.9543777547 9.9178828126
S 1.0627865133e-04 12.8739437066 11.4826052152
S 1.0869276326e-04 12.8739409892 8.3530750475
Mo 11.1489907531 0.9195967371 9.9178709701
S 9.5562790853 1.8391617817 11.4826063257
S 9.5562836777 1.8391610811 8.3530764378
Mo 9.5563067413 3.6782912098 9.9178644505
S 7.9635971999 4.5978539635 11.4826062562
S 7.9635980171 4.5978577266 8.3530738044
Mo 7.9636237093 6.4369854193 9.9178686815
S 6.3709161336 7.3565490044 11.4826113042
S 6.3709143822 7.3565529555 8.3530809826
Mo 6.3709417387 9.1956812327 9.9178777562
S 4.7782338106 10.1152487994 11.4826134849
S 4.7782345796 10.115248577 8.3530833168
Mo 4.7782587416 11.9543790492 9.9178782595
S 3.1855474821 12.8739454492 11.4826099866
S 3.1855519424 12.8739439959 8.3530803397
Mo 14.3344338457 0.9195948326 9.9178634148
S 12.7417237345 1.8391601648 11.4826137288
S 12.7417271882 1.8391608405 8.3530829884
Mo 12.7417508373 3.6782896859 9.9178529226
S 11.1490389239 4.5978541103 11.482611992
S 11.149044362 4.5978560153 8.3530818526
Mo 11.1490666532 6.4369847274 9.9178588824
S 9.5563565906 7.356548679 11.4826117437
S 9.5563590512 7.3565505347 8.3530816657
Mo 9.5563831441 9.1956799876 9.9178728821
S 7.9636760503 10.1152452777 11.4826137356
S 7.9636747202 10.1152459538 8.3530830216
Mo 7.9637006745 11.9543759703 9.917876481
S 6.3709927252 12.8739432828 11.4826141259
S 6.3709933484 12.8739427736 8.353083657
